000008
000019
000025
000039
000058
000090
000157
000501
000531
000623
000635
000637
000708
000723
000755
000776
000783
000823
000852
000881
000911
000978
001215
001299
001338
001366
001378
002016
002033
002056
002072
002091
002108
002128
002137
002154
002157
002159
002186
002188
002222
002242
002293
002295
002330
002335
002344
002367
002371
002415
002416
002419
002430
002438
002445
002483
002486
002511
002556
002631
002632
002641
002687
002708
002723
002748
002758
002768
002803
002806
002823
002887
002888
002897
002905
002912
002918
002949
002952
002956
002971
003003
003018
003025
003816
300055
300099
300145
300146
300154
300161
300172
300241
300420
300565
300616
300628
300675
300692
300739
300770
300791
300797
300834
300845
300949
300976
301006
301041
301059
301109
301118
301157
301170
301193
301262
301276
301287
301314
301323
301353
301376
301419
301555
600019
600064
600098
600128
600157
600179
600188
600202
600258
600292
600298
600308
600320
600359
600428
600461
600493
600496
600512
600526
600558
600566
600578
600617
600654
600665
600681
600691
600716
600728
600742
600778
600784
600796
600885
600897
600901
600935
600965
600970
600977
600981
601107
601139
601156
601188
601198
601326
601368
601512
601686
601688
601717
601827
601866
601898
601918
601999
603008
603027
603029
603043
603073
603080
603081
603087
603116
603160
603187
603298
603317
603328
603365
603489
603515
603577
603700
603733
603797
603856
603885
603889
603937
603948
603977
603995
603999
605007
605058
605298
605389
605567
920195
920405
