000090
000100
000419
000548
000589
000755
000809
000862
000919
000922
000928
000935
001215
001219
001231
001258
001266
001286
001299
001366
002090
002140
002172
002173
002177
002205
002281
002328
002344
002367
002404
002483
002494
002523
002631
002641
002671
002729
002732
002758
002774
002803
002863
002887
002899
002910
002912
002933
002956
003027
003816
300033
300172
300190
300195
300219
300234
300259
300395
300452
300467
300597
300624
300625
300711
300712
300800
300807
300929
301109
301157
301186
301215
301252
301276
301293
301314
301361
301387
301395
301515
600051
600097
600098
600157
600188
600233
600235
600320
600353
600461
600558
600620
600697
600713
600716
600814
601038
601088
601188
601326
601518
601717
601801
601890
601918
601996
603004
603017
603020
603029
603073
603116
603409
603577
603628
603656
603733
603739
603856
603885
603917
603999
605566
