000058
000061
000065
000301
000410
000421
000425
000600
000631
000655
000680
000708
000726
000887
000919
000928
000967
000988
001318
002011
002039
002128
002133
002142
002170
002183
002233
002245
002256
002282
002337
002346
002412
002415
002420
002441
002483
002536
002538
002562
002587
002601
002612
002632
002645
002666
002678
002690
002723
002748
002884
002887
002888
002895
002897
002913
002941
002947
002976
002983
003018
300032
300037
300055
300057
300109
300132
300219
300241
300303
300373
300602
300650
300701
300727
300737
300739
300790
300812
300834
300852
300926
300978
301029
301053
301181
301197
301223
301429
301603
301626
600022
600031
600064
600067
600137
600160
600188
600320
600328
600359
600428
600460
600478
600486
600654
600741
600860
600863
600867
601065
601101
601199
601200
601369
601609
601702
601717
601956
603004
603025
603048
603081
603098
603116
603158
603160
603187
603211
603271
603290
603328
603338
603380
603386
603663
603700
603733
603798
603816
603856
603890
603917
603919
603936
603948
603979
605058
605268
605389
920195
