000428
000538
000573
000581
000672
000709
001211
001219
001300
001378
002108
002133
002188
002239
002282
002316
002330
002337
002375
002377
002381
002386
002443
002458
002483
002494
002507
002556
002687
002696
002732
002884
002953
002962
002999
003008
003042
300132
300150
300174
300264
300417
300452
300566
300700
300800
300838
300851
301006
301037
301081
301170
301223
301300
301353
301372
301429
301519
600022
600064
600099
600191
600202
600222
600235
600282
600287
600293
600300
600371
600512
600716
600724
600796
600901
601002
601005
601007
601012
601018
601187
601298
603010
603022
603041
603073
603183
603187
603199
603326
603333
603385
603519
603709
603729
603787
603797
603806
603810
603816
603860
603937
603987
603998
605177
605178
605319
605567
