000028
000548
000573
000590
000739
001219
001228
001286
001333
001378
002039
002132
002133
002234
002247
002299
002329
002381
002415
002437
002479
002494
002524
002576
002732
002806
002876
002884
002953
003003
003008
300030
300048
300176
300206
300230
300254
300264
300305
300320
300452
300610
300639
300823
300851
300923
301006
301037
301087
301223
301266
301418
301429
301587
600084
600168
600222
600234
600323
600423
600455
600546
600566
600665
600671
600716
600742
600750
600754
600768
600883
600901
600929
600959
601018
601225
601228
601996
603041
603073
603120
603156
603183
603303
603385
603628
603729
603787
603806
603860
603909
605005
605177
605567
605599
