000025
000039
000058
000065
000301
000420
000530
000531
000600
000708
000725
000726
000816
000823
000881
000920
001299
001378
001379
001387
002039
002057
002078
002091
002108
002116
002128
002136
002140
002142
002170
002233
002242
002273
002303
002312
002333
002386
002404
002438
002445
002494
002507
002511
002540
002556
002562
002612
002641
002687
002690
002691
002748
002778
002806
002870
002877
002887
002947
002950
002952
002996
003011
003018
003022
003816
300032
300066
300084
300099
300145
300190
300194
300241
300306
300319
300357
300402
300412
300443
300625
300675
300739
300771
300797
300800
300843
300845
300893
300923
300971
300978
301041
301069
301118
301158
301172
301175
301189
301217
301276
301278
301469
600022
600097
600113
600125
600128
600157
600160
600168
600188
600191
600255
600293
600298
600308
600320
600335
600354
600359
600444
600456
600470
600507
600512
600523
600569
600654
600713
600745
600778
600826
600859
600860
600927
600960
600981
601065
601101
601108
601118
601139
601686
601727
601827
601857
601866
601890
601918
603025
603080
603087
603182
603183
603196
603211
603218
603236
603290
603296
603315
603328
603386
603505
603656
603683
603733
603738
603755
603836
603890
603933
603936
605007
605117
605389
920195
