000017
000058
000070
000157
000338
000400
000415
000419
000528
000600
000631
000682
000751
000778
000801
000823
000829
000902
000920
000957
000959
000975
000977
000988
001202
001211
001216
001218
001238
001296
001337
001338
001378
001389
002001
002012
002020
002026
002028
002038
002056
002057
002078
002100
002108
002114
002130
002138
002140
002142
002155
002183
002185
002209
002223
002236
002241
002242
002251
002281
002301
002331
002334
002337
002344
002419
002434
002438
002440
002441
002445
002454
002498
002533
002534
002538
002540
002546
002553
002556
002562
002587
002589
002600
002641
002696
002701
002708
002714
002723
002745
002758
002778
002815
002823
002863
002901
002902
002913
002928
002946
002955
002993
003002
003025
300012
300032
300162
300190
300235
300259
300283
300303
300319
300327
300360
300363
300375
300412
300420
300443
300507
300628
300635
300667
300673
300686
300700
300701
300708
300727
300737
300761
300767
300770
300771
300791
300800
300836
300863
300913
300939
300964
301019
301031
301047
301111
301138
301170
301179
301193
301197
301203
301218
301223
301266
301283
301289
301323
301370
301418
301507
301539
600009
600031
600064
600125
600128
600195
600211
600237
600255
600288
600307
600319
600329
600366
600367
600382
600392
600433
600478
600517
600522
600538
600583
600598
600710
600714
600750
600785
600805
600819
600853
600868
600884
600885
600901
600981
600995
601038
601069
601108
601121
601156
601279
601318
601599
601609
601808
601825
601877
601968
601992
603004
603022
603025
603043
603048
603058
603118
603129
603161
603190
603218
603289
603298
603299
603315
603328
603338
603368
603391
603444
603500
603515
603577
603587
603613
603663
603668
603681
603701
603733
603766
603816
603871
603889
603897
603901
603991
603995
603997
603999
605020
605058
605098
605117
605299
605376
