000045
000400
000417
000498
000532
000600
000635
000663
000768
000852
000862
000899
000902
000935
000952
000959
000985
001202
001258
001260
001300
002014
002050
002106
002111
002140
002173
002223
002233
002243
002247
002268
002276
002282
002324
002371
002373
002405
002420
002430
002443
002444
002494
002540
002541
002563
002587
002590
002641
002643
002683
002708
002747
002769
002787
002870
002890
002911
002933
002942
002968
002993
002999
003008
003012
003030
003039
003816
300006
300007
300033
300036
300048
300084
300099
300145
300151
300162
300190
300219
300283
300351
300358
300429
300430
300457
300487
300552
300590
300596
300597
300616
300628
300645
300660
300708
300740
300747
300753
300797
300800
300833
300838
300864
300882
300887
300983
301006
301008
301012
301031
301035
301055
301087
301106
301113
301116
301163
301170
301185
301198
301221
301223
301280
301293
301330
301337
301360
301376
301418
301429
301499
301515
301539
301568
301608
503081
600028
600032
600064
600094
600097
600098
600128
600157
600226
600237
600257
600282
600288
600372
600433
600435
600461
600478
600510
600517
600558
600578
600623
600638
600716
600725
600805
600820
600863
600962
600970
600995
601007
601018
601088
601139
601198
601200
601228
601298
601318
601369
601608
601717
601857
601866
601968
601991
603017
603022
603048
603079
603091
603100
603116
603156
603161
603177
603180
603182
603190
603192
603203
603209
603220
603233
603239
603270
603278
603289
603303
603309
603315
603338
603341
603356
603379
603409
603496
603506
603568
603650
603659
603700
603728
603737
603917
605183
605588
920199
920751
