000019
000028
000049
000100
000401
000619
000709
000726
000755
000778
000895
000902
000928
000935
000978
001210
001211
001218
001219
001231
001333
001336
002072
002078
002096
002106
002116
002133
002142
002170
002183
002233
002234
002247
002255
002282
002293
002307
002312
002330
002367
002377
002381
002385
002391
002395
002420
002442
002458
002483
002494
002508
002538
002556
002671
002686
002687
002696
002732
002753
002758
002763
002783
002817
002839
002884
002895
002917
002985
002996
002999
003008
003042
300012
300030
300150
300272
300305
300371
300405
300412
300417
300452
300470
300592
300610
300700
300823
300838
300851
300931
300951
300958
301006
301035
301081
301118
301186
301222
301223
301300
301353
301429
301519
600022
600057
600099
600166
600222
600234
600235
600282
600300
600320
600359
600382
600423
600429
600444
600461
600467
600469
600493
600502
600526
600585
600596
600716
600754
600808
600817
600846
600883
600901
600970
600983
601005
601007
601018
601187
601188
601199
601368
601388
601390
601686
601798
603010
603041
603071
603096
603126
603199
603271
603276
603299
603326
603365
603519
603700
603709
603733
603787
603797
603808
603810
603816
603909
603937
603987
603998
605001
605016
605020
605068
605177
605319
605567
