000017
000025
000058
000061
000157
000408
000410
000425
000538
000623
000626
000633
000652
000655
000680
000705
000725
000737
000762
000776
000807
000919
000920
001299
002006
002011
002053
002056
002057
002074
002125
002128
002136
002137
002140
002142
002145
002158
002169
002176
002204
002241
002242
002256
002273
002293
002301
002328
002333
002337
002371
002375
002430
002432
002438
002445
002507
002516
002522
002548
002587
002603
002611
002632
002641
002691
002723
002741
002748
002753
002841
002861
002877
002888
002896
002897
002905
002920
002928
002947
002967
002976
002983
002999
003012
003027
003033
300019
300035
300037
300055
300057
300066
300073
300076
300084
300092
300099
300124
300127
300137
300140
300145
300146
300150
300190
300194
300219
300241
300281
300303
300319
300332
300351
300354
300389
300402
300412
300415
300428
300443
300453
300457
300481
300523
300538
300565
300569
300611
300618
300628
300632
300653
300664
300673
300675
300690
300697
300706
300726
300727
300748
300768
300771
300786
300812
300843
300845
300893
300926
300971
301027
301029
301069
301118
301172
301175
301189
301193
301215
301219
301238
301276
301323
301370
301507
301600
301628
600022
600031
600039
600057
600097
600113
600125
600128
600157
600179
600188
600202
600206
600210
600233
600236
600255
600288
600298
600353
600366
600456
600478
600507
600508
600620
600654
600691
600699
600710
600713
600745
600755
600761
600824
600826
600848
600867
600888
600909
600927
600933
600960
601007
601038
601061
601065
601068
601108
601156
601198
601218
601599
601600
601688
601696
601857
601866
601890
601899
601908
603036
603043
603068
603080
603081
603087
603105
603129
603155
603158
603162
603170
603177
603182
603211
603218
603236
603269
603271
603281
603328
603338
603365
603368
603378
603385
603386
603387
603399
603505
603558
603587
603738
603786
603799
603871
603876
603915
603928
603936
603948
603960
603976
603987
603995
605007
605117
605555
920195
920725
920906
