000009
000019
000025
000069
000157
000498
000543
000589
000598
000600
000623
000633
000635
000637
000708
000723
000755
000776
000783
000825
000852
000899
000911
000928
000935
001268
001286
001299
001322
002078
002116
002128
002233
002234
002242
002295
002337
002367
002371
002392
002432
002438
002445
002458
002511
002522
002556
002595
002691
002696
002729
002748
002768
002811
002887
002888
002897
002905
002928
002952
002983
300011
300055
300124
300145
300154
300306
300395
300512
300565
300569
300628
300644
300748
300791
300797
300926
300929
301003
301100
301113
301118
301122
301158
301161
301189
301197
301217
301287
301314
301419
301555
301603
301616
301631
600019
600022
600029
600031
600039
600064
600098
600111
600113
600125
600128
600157
600188
600233
600235
600308
600353
600354
600359
600366
600461
600493
600512
600546
600683
600741
600778
600805
600820
600824
600867
600897
600935
600970
600981
601018
601107
601111
601113
601139
601156
601188
601326
601368
601518
601827
601866
601918
603029
603048
603068
603081
603091
603100
603158
603160
603162
603213
603409
603489
603515
603577
603787
603797
603799
603885
603937
603948
603960
603987
603998
605007
605298
