000028
000090
000401
000599
000612
000619
000709
000778
000895
000902
000927
000959
000978
001210
001231
001234
001255
001333
001338
002004
002072
002091
002106
002108
002116
002133
002136
002142
002170
002206
002234
002247
002255
002266
002293
002307
002330
002372
002375
002381
002386
002391
002412
002415
002442
002508
002732
002746
002753
002758
002783
002817
002909
002941
002996
002999
003042
300012
300088
300126
300174
300371
300384
300417
300470
300517
300566
300625
300845
300883
300930
301065
301166
301167
301170
301222
301309
301365
301429
301515
301519
600054
600166
600170
600192
600202
600234
600235
600282
600287
600300
600320
600423
600444
600461
600469
600502
600512
600558
600754
600796
600883
600983
601005
601012
601065
601188
601199
601326
601368
601388
601677
601686
601996
603010
603041
603071
603073
603096
603181
603199
603326
603385
603519
603568
603628
603637
603685
603700
603709
603739
603937
603967
603987
603995
603998
605005
605177
605319
605567
