000008
000017
000025
000058
000157
000419
000425
000498
000501
000543
000586
000589
000598
000600
000619
000623
000626
000633
000635
000652
000685
000705
000708
000725
000756
000776
000783
000807
000862
000887
000902
000920
000922
000935
000936
000977
000978
000985
001229
001231
001286
001322
001338
002006
002011
002012
002014
002016
002033
002038
002056
002078
002091
002126
002128
002137
002140
002142
002144
002157
002158
002204
002234
002236
002242
002273
002295
002303
002328
002330
002337
002349
002367
002392
002412
002418
002430
002432
002444
002445
002458
002472
002483
002486
002491
002494
002507
002511
002516
002522
002556
002564
002587
002611
002631
002632
002641
002674
002686
002687
002690
002709
002723
002746
002753
002758
002778
002817
002823
002841
002863
002870
002884
002887
002896
002897
002905
002909
002920
002928
002946
002949
002952
002983
003012
003023
003027
003816
300007
300019
300035
300055
300066
300073
300076
300092
300124
300127
300128
300140
300145
300146
300150
300154
300172
300190
300194
300195
300219
300241
300281
300303
300319
300351
300405
300412
300415
300417
300420
300428
300443
300453
300457
300538
300565
300569
300628
300632
300640
300653
300664
300675
300690
300693
300701
300727
300768
300771
300786
300790
300791
300800
300845
300883
300893
300926
300976
300983
301029
301041
301092
301100
301109
301113
301122
301157
301158
301161
301175
301182
301193
301197
301215
301238
301265
301287
301323
301370
301507
301555
301603
301606
301616
301626
600022
600029
600031
600039
600051
600080
600098
600111
600113
600157
600188
600202
600210
600233
600235
600236
600255
600258
600288
600298
600305
600308
600313
600353
600354
600359
600366
600418
600428
600444
600461
600478
600507
600508
600512
600523
600526
600527
600566
600572
600578
600580
600645
600654
600665
600697
600699
600706
600710
600713
600716
600737
600741
600750
600755
600820
600826
600833
600835
600848
600863
600867
600874
600883
600885
600888
600909
600927
600933
600935
600960
600970
600977
601001
601007
601018
601038
601065
601068
601111
601139
601156
601198
601218
601599
601600
601686
601688
601696
601717
601777
601827
601857
601890
601918
603004
603010
603025
603027
603029
603035
603036
603043
603048
603068
603081
603091
603101
603105
603116
603126
603158
603160
603162
603182
603183
603211
603213
603215
603218
603221
603231
603236
603279
603281
603298
603338
603358
603365
603385
603387
603391
603408
603409
603456
603628
603700
603733
603738
603755
603787
603797
603799
603810
603836
603871
603885
603915
603928
603937
603948
603967
603976
603979
603987
603995
603998
603999
605001
605007
605100
605268
605389
605555
920405
