000045
000532
000582
000619
000768
000823
000890
000935
001207
001211
001216
001226
001300
002014
002021
002029
002033
002050
002098
002158
002247
002268
002330
002344
002367
002416
002419
002431
002523
002556
002587
002662
002799
002833
002856
002858
002859
002888
002890
002912
002918
002925
002949
003007
003030
300078
300124
300161
300190
300234
300239
300241
300303
300310
300334
300407
300440
300467
300470
300512
300566
300592
300597
300692
300711
300838
300845
300883
300884
300905
300992
301021
301060
301102
301113
301115
301157
301185
301212
301215
301289
301315
301337
301365
301587
301589
600097
600120
600163
600258
600261
600292
600312
600328
600335
600428
600433
600685
600689
600724
600728
600819
600847
600880
600936
601198
601233
601666
601801
601890
601949
601968
603004
603081
603098
603187
603192
603213
603220
603221
603281
603297
603303
603311
603335
603387
603500
603551
603558
603708
603738
603882
603885
603991
603997
605007
605298
605588
