000027
000035
000069
000417
000422
000600
000655
000683
000978
001218
001359
001378
001389
002001
002026
002033
002039
002056
002059
002074
002080
002170
002186
002285
002299
002326
002333
002452
002454
002539
002540
002556
002588
002595
002645
002690
002736
002758
002782
002877
002895
002996
300073
300124
300335
300471
300610
300625
300635
300835
300852
300893
300939
301037
301059
301223
301272
301273
301429
301626
600114
600166
600234
600255
600298
600309
600352
600361
600538
600706
600885
600938
601007
601121
601366
601677
601702
601717
601798
603043
603050
603071
603155
603203
603215
603256
603276
603289
603298
603318
603380
603599
603665
603699
603856
603871
603979
603991
603995
605058
605183
605299
920690
