000019
000020
000025
000035
000050
000069
000090
000159
000333
000400
000408
000410
000420
000498
000532
000551
000589
000600
000619
000633
000655
000708
000720
000726
000733
000777
000778
000809
000852
000862
000893
000895
000920
000927
000928
000930
000957
000959
000969
000985
000987
001207
001219
001234
001255
001258
001260
001286
001319
001322
001332
001333
001336
001338
001373
001378
001379
001387
001979
002004
002010
002016
002044
002050
002077
002081
002106
002108
002111
002116
002128
002133
002140
002146
002166
002172
002173
002206
002209
002216
002233
002246
002247
002266
002276
002282
002284
002322
002324
002328
002330
002333
002337
002346
002371
002392
002405
002406
002414
002415
002416
002430
002431
002434
002452
002454
002469
002483
002486
002494
002508
002523
002540
002541
002556
002563
002587
002588
002590
002593
002617
002631
002641
002643
002662
002666
002669
002671
002674
002677
002687
002692
002708
002732
002747
002748
002753
002758
002763
002769
002774
002777
002778
002799
002801
002815
002817
002833
002838
002839
002861
002863
002870
002877
002899
002909
002956
002967
002996
002999
003022
003025
003816
300001
300003
300006
300012
300032
300041
300048
300078
300084
300099
300103
300109
300129
300143
300146
300151
300161
300171
300172
300219
300221
300226
300239
300241
300247
300252
300253
300259
300272
300286
300310
300322
300334
300346
300358
300360
300376
300389
300402
300409
300412
300414
300415
300420
300430
300433
300435
300450
300470
300481
300487
300518
300553
300569
300578
300590
300597
300616
300625
300627
300660
300664
300699
300708
300726
300741
300747
300763
300773
300777
300786
300797
300801
300823
300836
300838
300851
300864
300882
300905
300906
300923
300936
300939
300964
301006
301035
301037
301047
301077
301079
301083
301087
301097
301106
301135
301138
301149
301161
301163
301167
301170
301175
301200
301215
301216
301221
301223
301237
301246
301300
301305
301330
301337
301361
301372
301376
301379
301398
301418
301439
301456
301512
301522
301538
301539
301589
301598
301608
301616
501188
600028
600032
600051
600064
600094
600097
600098
600100
600157
600160
600170
600189
600233
600235
600237
600282
600300
600308
600312
600320
600335
600348
600361
600363
600378
600406
600423
600433
600435
600444
600456
600461
600468
600478
600496
600517
600523
600526
600552
600558
600566
600577
600578
600623
600626
600638
600662
600681
600697
600713
600724
600725
600736
600761
600773
600775
600783
600790
600800
600807
600820
600863
600867
600874
600888
600901
600926
600929
600935
600970
600973
600981
600995
601018
601038
601106
601113
601117
601139
601155
601163
601200
601218
601228
601336
601368
601512
601518
601577
601608
601611
601677
601686
601727
601827
601857
601886
601949
601956
601991
603015
603020
603029
603043
603073
603075
603078
603081
603098
603100
603179
603180
603182
603190
603192
603203
603209
603213
603218
603239
603279
603281
603283
603289
603290
603303
603309
603313
603326
603345
603379
603387
603408
603409
603496
603500
603505
603551
603628
603656
603659
603661
603678
603700
603701
603733
603737
603739
603787
603856
603895
603897
603901
603917
603937
603938
603967
603977
603987
603995
603997
605001
605090
605099
605183
605222
605268
605588
920026
920077
920089
920768
