000019
000020
000025
000042
000045
000050
000090
000157
000410
000428
000498
000548
000551
000589
000591
000619
000633
000663
000680
000719
000720
000725
000726
000733
000739
000755
000768
000777
000778
000809
000895
000920
000927
000928
000935
000957
000959
000987
001202
001207
001211
001218
001219
001238
001255
001258
001278
001296
001300
001322
001336
001338
001373
001378
001379
001387
002004
002014
002016
002063
002077
002078
002081
002090
002091
002106
002107
002108
002111
002116
002142
002166
002171
002183
002188
002198
002206
002234
002245
002247
002255
002256
002258
002273
002276
002282
002284
002293
002307
002318
002322
002324
002328
002334
002337
002367
002376
002392
002395
002405
002415
002418
002454
002458
002469
002494
002507
002508
002523
002540
002556
002557
002560
002588
002593
002631
002637
002641
002643
002662
002666
002669
002671
002679
002687
002692
002696
002729
002732
002753
002758
002763
002774
002778
002817
002838
002861
002863
002877
002879
002884
002888
002909
002952
002967
002993
002996
002999
003008
003012
003022
003025
003027
003030
003039
003816
300003
300005
300011
300012
300032
300041
300109
300126
300140
300141
300143
300150
300161
300171
300190
300206
300219
300241
300259
300323
300358
300360
300389
300407
300409
300412
300417
300420
300424
300470
300481
300497
300504
300512
300566
300569
300592
300597
300625
300627
300664
300696
300700
300712
300740
300753
300773
300786
300800
300823
300838
300845
300851
300882
300883
300923
300929
300971
300975
300980
300983
301006
301037
301039
301042
301047
301050
301060
301087
301106
301113
301135
301163
301167
301180
301186
301215
301223
301237
301273
301280
301287
301290
301328
301329
301353
301360
301361
301372
301386
301388
301418
301419
301429
301439
301456
301499
301505
301512
301515
301559
301565
301587
301589
301598
301607
301616
600021
600031
600032
600051
600057
600058
600094
600100
600125
600131
600137
600166
600168
600170
600179
600202
600210
600235
600261
600288
600300
600308
600320
600335
600361
600372
600423
600433
600444
600455
600458
600461
600469
600493
600496
600499
600523
600558
600562
600566
600578
600662
600676
600704
600713
600724
600750
600763
600775
600784
600790
600796
600807
600819
600820
600826
600847
600862
600867
600874
600885
600901
600929
600970
600973
600981
600998
601002
601016
601018
601065
601113
601155
601156
601163
601188
601198
601200
601218
601228
601298
601326
601368
601512
601518
601577
601598
601608
601636
601677
601686
601717
601727
601801
601827
601886
601956
601965
601968
603004
603010
603022
603029
603041
603073
603075
603098
603100
603105
603135
603156
603165
603169
603182
603187
603218
603233
603270
603289
603303
603309
603324
603338
603385
603387
603506
603519
603556
603558
603577
603606
603610
603628
603637
603659
603699
603700
603733
603739
603787
603797
603798
603816
603856
603889
603909
603937
603948
603967
603969
603987
603995
603998
605001
605005
605066
605089
605167
605177
605222
605299
605507
605567
920706
