000301
000531
000543
000581
000655
000823
000862
000881
000899
000902
000920
000959
000978
000990
001211
001218
001268
001318
001336
001338
001378
001387
002001
002011
002014
002033
002039
002056
002108
002138
002159
002170
002186
002233
002249
002266
002282
002299
002348
002396
002420
002434
002440
002441
002493
002511
002540
002559
002588
002595
002601
002645
002666
002671
002674
002810
002823
002850
002895
002896
002911
002915
002937
002976
003008
003022
003023
003027
300041
300109
300190
300319
300335
300373
300428
300443
300569
300602
300610
300611
300625
300644
300660
300673
300786
300823
300833
300852
300929
300971
301037
301109
301118
301170
301186
301215
301223
301273
301276
301353
301372
301456
301469
301568
301616
600067
600160
600166
600195
600210
600305
600309
600328
600335
600352
600354
600418
600433
600486
600522
600526
600578
600697
600706
600710
600808
600835
600863
600885
600966
601007
601021
601038
601113
601118
601156
601218
601368
601369
601686
601717
601888
601956
601991
603027
603029
603043
603073
603081
603187
603196
603203
603217
603218
603289
603296
603299
603313
603379
603380
603391
603408
603505
603577
603599
603607
603656
603683
603701
603797
603915
603917
603997
603998
605001
605111
605128
605183
605258
605567
920089
