000017
000058
000166
000333
000338
000400
000415
000419
000422
000531
000538
000591
000598
000600
000623
000626
000631
000650
000655
000682
000726
000739
000778
000801
000823
000862
000875
000887
000899
000902
000919
000920
000928
000959
000975
000977
001211
001216
001218
001283
001288
001337
001338
001378
001379
001389
002011
002012
002020
002026
002033
002038
002056
002057
002074
002100
002108
002121
002125
002130
002138
002140
002170
002185
002188
002209
002233
002236
002241
002242
002251
002256
002266
002270
002273
002281
002282
002299
002301
002328
002331
002337
002344
002348
002358
002367
002415
002432
002434
002440
002441
002443
002445
002448
002452
002454
002487
002498
002511
002533
002534
002538
002540
002546
002552
002553
002556
002559
002562
002587
002588
002589
002595
002612
002617
002632
002638
002641
002643
002662
002666
002678
002696
002701
002708
002714
002723
002745
002758
002767
002778
002782
002800
002815
002823
002825
002888
002901
002902
002913
002928
002938
002939
002941
002946
002955
002968
002976
002996
003022
003025
003816
300009
300012
300019
300032
300041
300066
300083
300145
300146
300185
300195
300219
300259
300272
300303
300304
300306
300319
300327
300360
300417
300565
300573
300596
300628
300635
300653
300673
300686
300700
300701
300727
300739
300761
300763
300767
300790
300791
300800
300811
300835
300836
300842
300845
300849
300861
300863
300893
300913
300926
300931
300939
300964
300988
301019
301031
301053
301071
301109
301115
301118
301158
301170
301179
301186
301197
301215
301223
301251
301266
301285
301289
301312
301361
301370
301379
301388
301418
301419
301499
301507
301539
301587
301603
301628
301631
600009
600022
600031
600033
600064
600066
600067
600095
600114
600125
600128
600160
600195
600206
600210
600211
600234
600246
600255
600258
600278
600288
600328
600329
600361
600366
600367
600382
600388
600406
600428
600433
600444
600460
600487
600509
600517
600522
600538
600598
600619
600645
600710
600713
600714
600724
600725
600785
600801
600808
600820
600859
600864
600884
600885
600970
600981
600995
601005
601007
601021
601038
601111
601121
601156
601218
601228
601229
601318
601369
601599
601609
601666
601677
601702
601717
601827
601877
601968
603022
603025
603027
603035
603042
603043
603048
603050
603058
603077
603087
603101
603155
603158
603160
603161
603170
603187
603190
603196
603201
603215
603217
603218
603239
603281
603282
603285
603289
603290
603296
603299
603303
603313
603315
603327
603328
603368
603379
603380
603387
603391
603456
603486
603500
603505
603511
603530
603556
603613
603656
603659
603663
603699
603701
603737
603766
603767
603797
603803
603816
603871
603897
603901
603919
603987
603991
603997
603998
605020
605058
605098
605117
605183
605299
605305
605339
605376
920089
920185
920195
920768
920839
920906
