000045
000157
000539
000778
000928
000959
001338
001358
001378
002012
002056
002090
002096
002100
002282
002322
002337
002418
002511
002627
002686
002729
002778
002817
002831
002866
002876
003008
003039
300206
300334
300514
300569
300597
300626
300700
300717
300800
300823
300838
300873
300883
300929
300983
301037
301106
301107
301148
301167
301170
301185
301186
301300
301314
301365
301418
301419
301512
301515
301519
301559
600032
600051
600054
600063
600137
600189
600202
600328
600423
600500
600558
600750
600784
600808
600867
601002
601065
601666
601827
603012
603029
603058
603098
603105
603183
603199
603218
603233
603271
603391
603599
603628
603637
603700
603709
603739
603817
605001
605055
605066
605299
605507
