000019
000039
000090
000419
000498
000548
000586
000589
000598
000623
000680
000685
000708
000776
000783
000862
000875
000899
000928
000935
000936
000978
001215
001258
001286
001300
001326
001336
001338
001366
001387
001896
002016
002033
002090
002099
002116
002157
002186
002222
002248
002293
002344
002367
002404
002415
002441
002494
002516
002587
002652
002666
002671
002686
002687
002753
002758
002795
002817
002841
002870
002884
002887
002888
002909
002912
002933
002942
002956
003003
003008
003025
003030
003816
300032
300140
300146
300172
300190
300195
300234
300259
300310
300334
300412
300616
300625
300739
300770
300771
300800
300823
300838
300845
300929
300931
301006
301037
301059
301109
301118
301148
301167
301170
301221
301262
301276
301314
301353
301361
301372
301376
301387
301512
301515
600051
600064
600088
600098
600113
600125
600128
600168
600179
600210
600235
600236
600258
600308
600428
600496
600510
600526
600578
600620
600626
600638
600654
600681
600691
600710
600754
600784
600805
600820
600826
600863
600901
600927
600935
600970
600995
601007
601018
601038
601089
601107
601139
601156
601188
601198
601228
601368
601518
601686
601688
601717
601827
601872
601918
601991
601999
603020
603022
603029
603043
603073
603080
603081
603116
603158
603160
603182
603187
603190
603209
603211
603213
603221
603231
603282
603289
603317
603358
603365
603385
603444
603558
603585
603687
603700
603708
603733
603738
603797
603856
603868
603889
603937
603967
603987
603995
603999
605001
605007
605098
605567
