000008
000020
000025
000031
000050
000069
000090
000333
000400
000419
000551
000620
000733
000768
000777
000803
000809
000862
000920
000928
000969
000987
001207
001216
001234
001260
001286
001373
001378
001379
001979
002004
002016
002048
002077
002081
002084
002090
002106
002107
002116
002133
002146
002160
002166
002172
002183
002233
002276
002322
002324
002328
002330
002333
002337
002406
002414
002415
002418
002431
002446
002458
002469
002483
002486
002508
002523
002545
002571
002587
002588
002617
002631
002637
002643
002669
002674
002683
002687
002692
002708
002758
002763
002769
002799
002833
002839
002871
002877
002890
002899
002963
002967
002968
002993
002999
003007
003012
003025
003027
003039
300003
300004
300006
300032
300048
300078
300129
300143
300161
300162
300195
300206
300219
300221
300239
300241
300252
300259
300272
300283
300310
300323
300331
300334
300346
300360
300389
300409
300412
300415
300420
300433
300435
300470
300481
300512
300553
300566
300569
300578
300590
300597
300625
300627
300628
300647
300655
300664
300686
300699
300700
300712
300777
300786
300797
300801
300838
300851
300864
300871
300873
300882
300884
300906
300923
300929
300933
300936
300939
300971
300980
301006
301021
301027
301035
301047
301060
301077
301083
301097
301113
301138
301149
301163
301170
301179
301213
301215
301216
301221
301238
301246
301280
301287
301289
301300
301305
301315
301328
301329
301330
301348
301361
301376
301379
301386
301419
301429
301439
301456
301522
301528
301538
301571
301589
301598
301608
301616
600094
600100
600157
600189
600210
600278
600288
600378
600433
600468
600499
600517
600523
600526
600552
600562
600578
600620
600623
600626
600638
600662
600676
600713
600724
600725
600728
600736
600775
600776
600783
600784
600790
600800
600805
600807
600847
600863
600874
600885
600888
600901
600929
600973
601061
601113
601155
601163
601200
601218
601336
601369
601512
601577
601608
601611
601727
601877
603004
603010
603013
603020
603037
603078
603098
603102
603177
603187
603218
603220
603239
603270
603279
603281
603282
603290
603309
603313
603318
603326
603341
603345
603385
603387
603499
603500
603515
603568
603628
603659
603679
603700
603709
603733
603787
603797
603859
603889
603897
603969
603989
603995
603997
605001
605005
605066
605090
605177
605358
605567
920077
920089
920564
920641
920885
