000048
000157
000425
000539
000680
000778
000895
000959
001207
001210
001218
001230
001234
001333
001338
001378
002004
002051
002056
002078
002096
002100
002133
002172
002188
002198
002206
002233
002234
002256
002258
002282
002293
002322
002367
002381
002391
002405
002418
002494
002540
002571
002588
002595
002627
002635
002643
002671
002686
002687
002692
002729
002746
002753
002758
002778
002783
002817
002831
002879
003008
003022
003039
003042
003816
300109
300138
300206
300334
300371
300569
300592
300700
300717
300800
300838
300851
300873
300923
300929
300975
300983
301006
301031
301037
301046
301097
301105
301106
301107
301113
301148
301149
301163
301167
301170
301186
301223
301300
301386
301419
301429
301439
301512
600032
600039
600051
600063
600137
600168
600282
600308
600320
600328
600361
600379
600423
600455
600461
600500
600526
600578
600585
600676
600750
600754
600784
600862
600874
600885
600888
600901
600929
600970
601065
601200
601222
601518
601666
601882
603029
603061
603098
603105
603126
603218
603271
603309
603326
603345
603519
603599
603606
603610
603628
603699
603709
603733
603797
603860
603889
605028
605055
605066
605167
605299
605319
605507
