000019
000498
000548
000591
000680
000719
000720
000726
000755
000895
000927
000928
001207
001219
001258
001338
002014
002039
002051
002108
002111
002198
002206
002247
002293
002300
002318
002322
002395
002469
002494
002507
002508
002556
002637
002671
002692
002696
002817
002861
002877
002884
002952
002999
003012
003022
003025
003042
003816
300041
300109
300140
300407
300417
300625
300712
300823
300845
300971
301087
301105
301167
301186
301273
301328
301361
301386
301512
301559
301565
600032
600039
600051
600057
600064
600125
600131
600179
600202
600235
600287
600308
600361
600433
600455
600461
600469
600496
600676
600704
600750
600847
600885
600901
600970
600998
601018
601038
601163
601188
601200
601228
601298
601326
601339
601368
601518
601577
601677
601686
601801
601827
601886
601968
603022
603029
603073
603075
603135
603169
603187
603276
603309
603385
603519
603558
603637
603699
603889
603937
603967
603987
605001
605005
605066
920706
