000027
000042
000090
000539
000739
000768
000927
000959
001218
001228
001230
001234
001333
001358
001373
002004
002012
002072
002091
002129
002142
002166
002233
002245
002318
002372
002418
002420
002511
002615
002753
002778
002861
002866
002876
002884
002953
003003
300320
300464
300512
300514
300632
300700
300845
300864
300873
300883
300923
301097
301106
301170
301222
301300
301314
301328
301365
301512
301515
301559
301587
600063
600084
600125
600168
600170
600234
600282
600469
600500
600502
600566
600578
600585
600596
600784
600874
600929
600970
601065
601199
601200
601222
601368
601518
601827
603010
603058
603098
603105
603120
603156
603196
603218
603271
603320
603326
603345
603391
603558
603599
603628
603681
603806
603937
603967
603998
605005
605016
605055
605118
605299
