000008
000019
000020
000025
000045
000048
000050
000065
000301
000333
000407
000410
000420
000421
000428
000498
000532
000548
000551
000555
000589
000591
000619
000633
000680
000682
000715
000719
000725
000726
000733
000739
000755
000768
000777
000778
000809
000850
000895
000920
000927
000928
000952
000957
000959
000987
001202
001207
001211
001218
001219
001231
001238
001255
001258
001260
001278
001287
001296
001299
001300
001309
001317
001333
001336
001338
001373
001378
001379
001387
002004
002010
002014
002016
002025
002048
002049
002050
002062
002063
002077
002078
002081
002084
002090
002091
002106
002107
002108
002111
002116
002130
002133
002137
002140
002142
002146
002161
002166
002171
002183
002188
002198
002206
002209
002230
002233
002234
002243
002247
002255
002268
002276
002282
002284
002293
002298
002318
002319
002322
002324
002328
002330
002333
002367
002371
002392
002397
002404
002406
002431
002446
002454
002458
002469
002494
002507
002508
002522
002523
002532
002540
002556
002557
002560
002571
002587
002591
002593
002631
002637
002638
002639
002641
002662
002666
002671
002677
002683
002687
002691
002692
002696
002708
002729
002732
002747
002753
002758
002763
002767
002774
002777
002778
002799
002817
002833
002838
002839
002858
002861
002863
002870
002877
002884
002888
002899
002909
002919
002933
002952
002956
002967
002968
002993
002996
002999
003008
003012
003022
003025
003027
003030
003039
003816
300003
300006
300011
300012
300016
300032
300076
300078
300103
300109
300126
300138
300141
300143
300161
300162
300171
300190
300206
300221
300226
300227
300239
300241
300246
300247
300259
300272
300283
300310
300334
300349
300358
300360
300389
300407
300409
300412
300415
300417
300420
300424
300430
300433
300435
300464
300470
300504
300507
300509
300512
300521
300553
300566
300590
300592
300597
300625
300627
300628
300638
300645
300650
300664
300686
300696
300699
300700
300711
300712
300740
300753
300773
300777
300786
300797
300800
300823
300838
300845
300851
300871
300883
300905
300923
300929
300933
300939
300971
300976
300980
300983
300992
301006
301028
301037
301039
301047
301050
301055
301060
301077
301083
301097
301106
301107
301113
301135
301149
301163
301167
301169
301170
301179
301180
301181
301185
301186
301215
301221
301223
301237
301238
301257
301273
301280
301283
301287
301289
301290
301300
301307
301328
301329
301330
301337
301353
301365
301372
301386
301388
301418
301419
301429
301456
301499
301505
301512
301515
301528
301538
301539
301559
301587
301589
301598
301607
301608
301616
600021
600032
600051
600057
600058
600064
600097
600100
600120
600131
600166
600168
600170
600202
600210
600218
600226
600235
600257
600261
600278
600282
600288
600300
600320
600335
600354
600361
600363
600372
600378
600423
600433
600444
600455
600461
600468
600469
600493
600496
600523
600526
600552
600558
600562
600578
600598
600637
600638
600662
600676
600681
600704
600713
600724
600728
600736
600750
600761
600775
600783
600784
600790
600800
600805
600807
600808
600820
600826
600847
600862
600867
600874
600877
600885
600901
600965
600970
600981
600998
601002
601007
601016
601018
601106
601139
601155
601156
601163
601188
601198
601200
601228
601298
601326
601339
601368
601512
601518
601577
601636
601677
601686
601717
601801
601827
601886
601956
601968
601992
603001
603012
603015
603022
603028
603029
603037
603073
603075
603080
603098
603100
603102
603105
603116
603158
603159
603165
603179
603180
603182
603187
603190
603192
603209
603218
603231
603233
603270
603276
603281
603289
603290
603303
603313
603319
603324
603335
603341
603385
603387
603489
603500
603506
603519
603556
603558
603568
603577
603610
603628
603637
603656
603661
603679
603699
603700
603709
603733
603739
603766
603787
603797
603798
603856
603882
603889
603909
603917
603937
603967
603969
603987
603989
603995
603998
605001
605089
605162
605177
605222
605268
605303
605507
605567
920026
920077
920089
920564
920751
920768
