000019
000020
000048
000069
000100
000159
000410
000498
000532
000591
000633
000725
000755
000777
000778
000852
000895
000928
000959
000969
000987
001202
001207
001219
001258
001296
001299
001333
001336
001378
001387
002026
002107
002108
002116
002140
002142
002161
002171
002209
002216
002234
002268
002298
002307
002319
002337
002371
002392
002397
002406
002430
002458
002465
002507
002540
002590
002593
002674
002687
002696
002708
002729
002777
002833
002838
002839
002863
002877
002888
002890
002963
002967
002968
002993
003022
003025
003027
003039
003816
300012
300032
300076
300103
300109
300126
300138
300143
300190
300241
300252
300259
300306
300323
300327
300334
300389
300409
300412
300414
300420
300430
300435
300470
300496
300507
300518
300553
300569
300590
300605
300629
300638
300645
300664
300686
300696
300699
300700
300712
300740
300753
300773
300777
300797
300823
300864
300871
300873
300884
300905
300906
300933
301006
301031
301042
301047
301055
301062
301077
301079
301137
301163
301180
301185
301216
301257
301287
301290
301300
301328
301329
301330
301361
301365
301382
301386
301388
301439
301499
301505
301515
301571
301598
301616
600032
600098
600100
600120
600131
600137
600163
600168
600202
600210
600235
600278
600335
600354
600361
600378
600426
600455
600506
600509
600526
600552
600558
600562
600578
600598
600620
600623
600637
600704
600728
600754
600761
600775
600800
600863
600874
600885
600901
600973
601002
601016
601018
601156
601200
601228
601298
601368
601518
601609
601611
601677
601717
601801
601827
601956
601991
603012
603013
603029
603037
603098
603100
603158
603159
603187
603192
603282
603303
603309
603326
603335
603387
603408
603458
603488
603500
603551
603556
603577
603628
603659
603679
603733
603856
603901
603909
603967
603977
603995
605001
605162
605222
920077
920089
920199
920564
920641
920751
920768
