000028
000045
000090
000548
000573
000582
000739
001218
001228
001300
001358
001378
002051
002108
002142
002193
002316
002329
002377
002381
002415
002458
002524
002566
002576
002671
002687
002884
002953
002962
003003
003008
003025
300030
300132
300150
300174
300206
300625
300639
300800
300823
300851
300883
300923
301006
301037
301170
301186
301222
301223
301353
301587
600057
600084
600125
600189
600282
600455
600467
600585
600665
600768
600901
600929
601298
601996
603022
603073
603183
603303
603328
603385
603568
603700
603729
603787
603806
603816
603909
603987
605001
605162
605177
605178
605180
605567
