000100
000548
000725
000895
000920
000927
001230
001234
001255
001338
001378
002004
002116
002133
002172
002225
002234
002247
002282
002299
002318
002367
002381
002386
002391
002451
002458
002469
002524
002556
002571
002588
002627
002666
002692
002696
002746
002748
002758
002783
002996
002999
003008
003039
003042
300011
300109
300138
300140
300150
300206
300259
300334
300360
300371
300481
300626
300664
300983
301031
301042
301046
301097
301105
301107
301113
301148
301149
301167
301386
301419
301439
600051
600137
600202
600222
600261
600308
600379
600382
600423
600500
600676
600796
600867
600874
600888
600935
600987
601016
601065
601200
601298
601368
601827
601882
603041
603073
603120
603156
603218
603289
603303
603309
603421
603507
603519
603709
603797
603808
603823
603948
605016
605066
605151
605167
605177
920261
