000538
000600
000809
000919
000928
000978
001216
001228
001231
001378
001896
002014
002083
002107
002116
002159
002172
002173
002186
002337
002373
002386
002404
002419
002432
002445
002458
002591
002641
002666
002708
002753
002763
002774
002778
002918
002935
002949
003008
003027
300161
300195
300206
300239
300259
300412
300512
300557
300597
300692
300708
300740
300797
300834
300932
301003
301087
301109
301167
301223
301246
301252
301300
301353
301395
301418
301429
301628
600278
600292
600512
600638
600691
600754
600863
600935
600936
600969
601163
601198
601827
601888
601968
603004
603020
603043
603100
603102
603165
603180
603182
603187
603190
603213
603231
603303
603309
603320
603358
603385
603387
603421
603577
603638
603687
603726
603730
603790
603987
603997
603998
605098
605136
605268
605507
605588
