000420
000635
000823
000899
000902
000959
000985
001211
001255
001286
001299
002014
002066
002067
002206
002243
002248
002290
002333
002344
002386
002556
002588
002652
002666
002674
002696
002753
002778
002856
002858
002884
002912
002942
002949
002956
300005
300099
300124
300143
300151
300190
300319
300322
300334
300470
300487
300596
300628
300645
300740
300800
300883
300905
300932
300992
301088
301106
301109
301113
301115
301175
301212
301215
301223
301300
301315
301328
301353
301363
301419
301528
301566
301571
301587
600051
600097
600120
600125
600210
600282
600308
600348
600388
600433
600470
600651
600728
600784
600819
600826
600880
600929
600935
601007
601117
601139
601228
601326
601336
601518
601601
601717
601801
601890
601949
603004
603050
603079
603187
603213
603220
603289
603311
603379
603506
603558
603568
603733
603738
603766
603797
603868
603889
603967
603977
603991
603995
605007
605058
605066
605183
605268
605298
920089
920751
