000027
000157
000415
000417
000543
000571
000600
000778
000862
000887
000899
000920
000990
001287
001318
001389
002026
002039
002138
002142
002186
002209
002249
002276
002348
002434
002441
002454
002472
002559
002587
002641
002658
002671
002758
002812
002823
002824
002850
002896
002911
002915
002941
002946
002949
002975
002976
003008
003025
003035
300012
300019
300073
300083
300103
300195
300241
300304
300319
300335
300360
300373
300569
300644
300660
300664
300684
300701
300739
300761
300763
300786
300835
301029
301037
301109
301170
301273
301289
301603
301631
600039
600067
600114
600206
600234
600246
600255
600348
600366
600433
600460
600487
600509
600522
600538
600578
600671
600710
600741
600835
600885
600933
601021
601088
601121
601211
601968
601991
603027
603160
603203
603233
603271
603273
603289
603290
603296
603298
603368
603380
603618
603800
603897
603915
603997
605058
605111
605117
605183
605268
