000035
000045
000420
000421
000726
000809
000890
000902
000920
000922
000957
001216
001226
001231
001300
001319
001333
002021
002107
002158
002173
002186
002222
002256
002268
002296
002330
002333
002337
002349
002404
002416
002419
002431
002432
002445
002454
002495
002556
002571
002643
002696
002712
002760
002763
002778
002838
002839
002856
002863
002909
002918
002925
002935
002956
002971
002976
003008
300003
300078
300124
300151
300161
300195
300196
300206
300234
300239
300241
300303
300310
300412
300417
300430
300464
300505
300557
300566
300645
300664
300692
300712
300770
300797
300807
300834
300838
300845
300851
300883
300884
300931
300970
301003
301006
301029
301070
301109
301115
301157
301167
301170
301185
301186
301197
301221
301223
301246
301289
301300
301315
301328
301337
301353
301419
301571
301589
301608
301628
600097
600098
600120
600137
600163
600233
600258
600278
600292
600295
600328
600428
600435
600510
600526
600620
600626
600638
600640
600691
600716
600724
600805
600819
600851
600874
600935
600936
601113
601156
601188
601318
601512
601827
601886
601888
601929
601949
601999
603004
603015
603017
603020
603048
603073
603079
603081
603098
603102
603165
603180
603182
603218
603221
603270
603281
603282
603289
603297
603320
603326
603328
603335
603365
603385
603387
603500
603518
603577
603585
603628
603688
603700
603726
603739
603766
603790
603863
603882
603991
603997
603998
605298
605507
605588
920089
920976
