000027
000028
000088
000401
000428
000544
000582
000883
001286
001333
001378
002039
002129
002132
002142
002247
002479
002566
002576
002687
002817
002833
003008
003816
300048
300088
300172
300174
300176
300187
300453
300625
300639
300700
300717
300851
300883
300958
300970
301065
301222
301536
301587
600023
600080
600084
600098
600168
600292
600348
600461
600479
600502
600508
600512
600566
600665
600671
600681
600754
600863
600874
600901
600971
600982
600985
601012
601065
601187
601199
601200
601225
601228
601326
601368
601518
601827
601918
601919
601996
603071
603073
603139
603183
603199
603303
603515
603729
603787
603816
605005
605016
605178
605319
605599
