000421
000498
000531
000538
000680
000708
000726
000791
000823
000902
000928
000967
000978
000988
001211
001258
001268
001282
001318
001338
002001
002067
002078
002108
002125
002140
002157
002159
002169
002170
002233
002245
002249
002256
002266
002337
002346
002348
002374
002434
002440
002441
002491
002494
002507
002588
002595
002601
002632
002746
002887
002913
002937
002941
002975
002976
003022
003025
003030
003816
300011
300032
300132
300146
300187
300190
300565
300625
300644
300660
300690
300727
300737
300812
300843
300852
300923
300926
300929
300983
301029
301053
301059
301109
301167
301170
301217
301223
301353
301376
301429
301456
600031
600064
600067
600128
600160
600168
600188
600195
600246
600288
600328
600352
600486
600526
600619
600628
600710
600741
600801
600805
600808
600820
600824
600859
600860
600863
600874
600885
600888
600966
600970
600981
601065
601113
601139
601200
601218
601368
601369
601609
601686
601827
601918
601956
603001
603029
603043
603091
603098
603116
603187
603203
603296
603313
603379
603409
603515
603607
603668
603700
603728
603797
603816
603856
603915
603919
603997
605001
605111
605507
605555
605567
