000019
000035
000159
000301
000333
000400
000417
000498
000532
000548
000551
000600
000619
000633
000635
000663
000682
000708
000726
000733
000739
000768
000777
000778
000809
000823
000852
000862
000895
000899
000902
000920
000928
000930
000935
000957
000959
000969
000985
001207
001234
001238
001255
001258
001260
001286
001319
001322
001332
001333
001336
001338
001373
001378
001379
001387
001979
002010
002016
002021
002046
002048
002050
002066
002077
002078
002084
002090
002106
002111
002116
002133
002140
002172
002173
002195
002209
002234
002243
002247
002268
002282
002322
002330
002333
002337
002346
002371
002373
002386
002397
002405
002406
002414
002416
002418
002430
002432
002443
002452
002454
002458
002469
002483
002486
002487
002494
002522
002523
002541
002557
002571
002587
002588
002590
002591
002617
002631
002641
002643
002666
002671
002677
002683
002686
002687
002692
002696
002708
002732
002747
002748
002753
002758
002760
002769
002778
002787
002801
002815
002817
002833
002838
002858
002861
002863
002871
002877
002890
002899
002909
002911
002933
002942
002993
002999
003008
003025
003027
003030
003039
003816
300001
300003
300007
300012
300018
300032
300036
300041
300048
300054
300084
300099
300103
300124
300126
300145
300146
300151
300161
300162
300172
300219
300236
300247
300252
300259
300272
300283
300286
300310
300323
300334
300346
300358
300360
300407
300409
300412
300414
300415
300420
300424
300429
300430
300435
300464
300481
300487
300512
300518
300521
300565
300569
300590
300592
300604
300611
300625
300628
300645
300660
300664
300708
300712
300726
300741
300747
300750
300753
300800
300801
300823
300838
300851
300852
300864
300882
300887
300905
300923
300929
300932
300939
300964
300971
301006
301021
301031
301035
301037
301039
301047
301075
301077
301087
301097
301106
301109
301113
301115
301118
301138
301163
301167
301169
301170
301175
301179
301185
301186
301221
301223
301237
301248
301287
301289
301293
301300
301328
301330
301337
301361
301372
301373
301376
301379
301395
301418
301499
301512
301515
301538
301539
301589
301598
301608
600028
600032
600051
600064
600098
600114
600120
600128
600157
600189
600233
600237
600257
600261
600268
600288
600312
600320
600328
600348
600372
600388
600406
600423
600428
600435
600444
600468
600478
600496
600510
600517
600526
600546
600558
600566
600578
600620
600623
600626
600638
600691
600713
600724
600725
600728
600736
600754
600775
600783
600784
600805
600820
600826
600863
600867
600874
600929
600935
600970
600981
600995
601018
601038
601088
601106
601113
601117
601139
601163
601188
601218
601228
601298
601368
601518
601567
601577
601601
601608
601611
601628
601717
601727
601827
601857
601866
601877
601886
601991
603015
603028
603029
603043
603050
603057
603075
603079
603081
603098
603100
603102
603156
603159
603165
603177
603180
603182
603190
603203
603209
603218
603233
603239
603267
603270
603282
603283
603289
603309
603313
603318
603319
603341
603345
603356
603379
603506
603515
603556
603568
603577
603585
603656
603659
603661
603678
603681
603700
603728
603737
603739
603766
603787
603797
603856
603882
603889
603897
603901
603917
603936
603937
603987
603995
605001
605116
605183
605222
605268
605399
605588
