000090
000157
000612
000725
000726
000927
001234
001333
001358
001373
002004
002012
002057
002072
002091
002108
002129
002133
002166
002206
002233
002255
002266
002318
002337
002372
002386
002391
002415
002420
002458
002479
002483
002746
002753
002783
002861
002863
002884
002909
002996
003039
300012
300320
300384
300464
300470
300512
300648
300717
300958
300983
301059
301097
301166
301167
301186
301512
301515
600021
600051
600054
600125
600168
600170
600282
600395
600423
600444
600458
600469
600502
600512
600558
600596
600754
600796
600808
600874
600901
600929
600983
601005
601012
601065
601188
601200
601228
601326
601388
601518
601666
601677
601686
601827
603010
603071
603105
603110
603120
603135
603156
603196
603271
603276
603320
603345
603385
603396
603558
603628
603637
603681
603739
603995
605020
605186
605299
605507
