000157
000680
000685
000811
000823
000862
000875
000935
001215
001219
001366
001378
002033
002158
002162
002195
002248
002350
002404
002419
002494
002587
002652
002671
002677
002729
002817
002833
002887
002888
002910
002956
003030
003043
003816
300043
300172
300219
300286
300303
300334
300395
300625
300628
300823
301053
301109
301167
301197
301257
301314
301361
301515
301628
600031
600051
600088
600125
600235
600236
600353
600713
600754
600847
600936
600995
601139
601156
601198
601369
601717
601872
601890
601991
603017
603027
603073
603105
603116
603231
603278
603281
603298
603365
603385
603687
603708
603797
603868
603885
603888
603999
605567
