000419
000532
000548
000598
000600
000715
000755
000862
000920
000922
000978
001216
001219
001228
001300
002029
002098
002140
002154
002159
002173
002186
002216
002222
002256
002293
002328
002404
002412
002415
002419
002443
002452
002483
002486
002507
002587
002671
002708
002858
002864
002887
002933
002949
300146
300239
300259
300286
300395
300481
300569
300597
300625
300664
300675
300740
300753
300800
300949
301003
301053
301167
301262
301276
301287
301293
301395
301616
600088
600179
600233
600258
600517
600754
600863
600867
600901
600936
600981
601198
601686
601717
603017
603043
603102
603180
603231
603309
603358
603365
603409
603577
603628
603708
603739
603998
605136
