000019
000045
000050
000100
000425
000680
000682
000725
000920
000935
001207
001258
001322
002043
002051
002106
002198
002234
002255
002405
002408
002418
002430
002441
002469
002508
002560
002571
002635
002692
002746
002748
002861
002876
002996
003012
300011
300088
300109
300140
300150
300259
300360
300371
300504
300566
300569
300592
300664
301042
301087
301106
301148
301182
301295
301361
301386
301439
600021
600031
600051
600054
600202
600222
600361
600378
600433
600847
600885
600888
600935
600970
601016
601218
601388
601677
601886
603029
603061
603073
603126
603187
603218
603303
603336
603421
603556
603606
603659
603699
603808
605005
605066
920270
