000017
000338
000419
000422
000498
000538
000543
000591
000600
000623
000626
000631
000655
000682
000708
000726
000737
000739
000776
000778
000783
000801
000823
000862
000887
000899
000902
000919
000928
000950
000957
000967
000977
000978
000988
000990
001211
001216
001218
001278
001318
001338
001378
001389
002001
002004
002011
002012
002020
002038
002056
002057
002074
002121
002125
002142
002170
002233
002236
002241
002242
002251
002256
002273
002281
002282
002285
002299
002331
002344
002348
002353
002415
002432
002434
002441
002445
002448
002452
002454
002483
002487
002491
002498
002511
002533
002534
002539
002540
002546
002553
002556
002587
002588
002617
002632
002638
002641
002662
002666
002678
002690
002696
002714
002723
002736
002745
002758
002767
002775
002782
002815
002823
002825
002841
002863
002888
002901
002902
002913
002938
002939
002941
002946
002955
002993
002996
003022
003816
300006
300012
300037
300041
300083
300145
300146
300185
300219
300303
300304
300306
300319
300327
300360
300417
300490
300507
300554
300565
300628
300635
300707
300727
300737
300739
300761
300763
300767
300791
300800
300833
300835
300836
300845
300893
300906
300923
300926
300931
300932
300939
300988
301059
301069
301109
301115
301118
301170
301179
301186
301193
301223
301251
301266
301379
301418
301419
301499
301539
301603
301628
600009
600022
600031
600063
600064
600067
600125
600128
600166
600195
600210
600211
600234
600237
600246
600251
600255
600278
600288
600328
600339
600361
600406
600418
600428
600433
600460
600517
600522
600538
600560
600578
600583
600619
600713
600724
600725
600785
600808
600820
600859
600885
600901
600938
600958
600970
600988
600995
601005
601038
601111
601121
601139
601156
601366
601666
601677
601717
601857
601877
601968
601991
603002
603004
603025
603035
603042
603050
603058
603077
603087
603129
603158
603160
603165
603187
603190
603196
603201
603217
603218
603271
603273
603289
603290
603298
603327
603328
603368
603379
603380
603387
603391
603500
603505
603511
603515
603599
603618
603699
603701
603709
603733
603737
603766
603797
603816
603897
603915
603919
603987
603998
605058
605098
605117
605299
605305
605339
920089
920185
920839
