000017
000027
000058
000061
000157
000166
000301
000410
000422
000498
000538
000589
000600
000623
000626
000631
000636
000655
000682
000686
000708
000726
000739
000776
000778
000783
000801
000862
000887
000899
000902
000919
000920
000928
000967
000977
000978
000988
000990
001218
001282
001283
001287
001336
001338
001378
001387
001389
002001
002011
002012
002014
002026
002033
002038
002056
002057
002074
002078
002108
002121
002125
002140
002170
002209
002233
002236
002241
002242
002245
002249
002273
002276
002282
002299
002328
002331
002337
002367
002412
002415
002432
002434
002440
002441
002445
002448
002452
002454
002483
002491
002498
002511
002522
002533
002534
002538
002539
002540
002556
002559
002560
002587
002612
002617
002641
002645
002658
002662
002666
002686
002690
002736
002745
002758
002767
002775
002782
002841
002863
002877
002888
002901
002910
002911
002913
002938
002939
002946
002949
002955
002957
002968
002975
002983
002993
002996
003022
003025
300011
300012
300032
300037
300041
300066
300083
300103
300145
300146
300190
300195
300219
300241
300259
300303
300304
300319
300328
300351
300373
300415
300417
300452
300481
300565
300602
300628
300635
300644
300673
300686
300700
300727
300739
300761
300763
300791
300800
300823
300835
300845
300893
300923
300926
300931
300939
301006
301029
301041
301059
301108
301109
301115
301163
301170
301186
301193
301215
301223
301251
301312
301379
301419
301499
301526
301603
301628
600022
600029
600031
600064
600067
600095
600110
600114
600125
600128
600166
600195
600208
600210
600234
600246
600251
600255
600261
600288
600298
600309
600328
600352
600359
600361
600406
600418
600426
600428
600433
600460
600478
600487
600517
600538
600578
600706
600710
600713
600725
600741
600808
600820
600860
600885
600901
600933
600938
600958
600970
600988
600995
601005
601007
601016
601021
601038
601066
601108
601111
601121
601139
601156
601198
601200
601211
601218
601377
601609
601677
601688
601696
601702
601717
601827
601857
601877
601918
601956
601991
603004
603025
603027
603035
603042
603043
603048
603050
603058
603071
603073
603081
603087
603098
603105
603158
603160
603161
603162
603165
603187
603190
603196
603201
603203
603215
603217
603218
603233
603271
603273
603289
603290
603298
603327
603338
603368
603379
603380
603387
603489
603500
603505
603515
603587
603599
603618
603668
603697
603699
603700
603701
603733
603797
603816
603856
603871
603897
603915
603919
603987
603998
605058
605111
605117
605128
605183
605299
605305
920089
920185
920839
920896
